k14 = 0
k16 = 1/6 k6 + 1/8 k7 - 1/2 k12

s1 = Expand[2 k6 + 3/2 k7]
s2 = Expand[-1/2 k6 - 3/8 k7]
s3 = Expand[3/2 k6 + 9/8 k7 - 6 k12 - 2 k14]
s4 = Expand[-1/2 k6 - 3/8 k7 - 1/2 k14]
s5 = Expand[1/6 k6 + 1/8 k7 + 1/6 k14]
s6 = Expand[k6 + 3/4 k7 - 3 k12 - k14 - 6 k16]
s7 = Expand[-1/3 k6 - 1/4 k7 + k12 + 1/3 k14 + 2 k16]

s8 = Expand[-2 k14]
s9 = Expand[-1/2 k14]
s10 = Expand[-3/2 k14]
s11 = Expand[1/2 k6 + 11/8 k7 + 2 k8 - 2 k13 - 1/2 k14]
s12 = Expand[-1/2 k6 - 11/8 k7 - 2 k8 + 2 k13 + 7/6 k14]
s13 = Expand[-2 k2]
s14 = Expand[-2 k4 + 24 k5 - k6 - 3/4 k7 + 4 k8 - 12 k9 + 24 k10 - 24 k11 - 6 k12 - 4 k13 - 2 k14 - 48 k15 - 12 k16]
s15 = Expand[2 k4 - 24 k5 + k6 + 3/4 k7 - 4 k8 + 12 k9 - 24 k10 + 24 k11 + 6 k12 + 4 k13 + 2 k14 + 48 k15 + 12 k16]
s16 = Expand[-24 k1 - 4 k2 - 24 k3]

s17 = Expand[4 k6 + 3 k7 - 12 k12 - 4 k14 - 24 k16]
s18 = Expand[k6 + 3/4 k7 - 3 k12 - k14 - 6 k16]
s19 = Expand[3 k6 + 9/4 k7 - 9 k12 - 3 k14 - 18 k16]
s20 = Expand[-2 k4 + 24 k5 - 2 k6 - 3/2 k7 + 4 k8 - 12 k9 + 24 k10 - 24 k11 - 3 k12 - 4 k13 - k14 - 48 k15 - 6 k16]
s21 = Expand[2 k4 - 24 k5 + 2/3 k6 + 1/2 k7 - 4 k8 + 12 k9 - 24 k10 + 24 k11 + 7 k12 + 4 k13 + 7/3 k14 + 48 k15 + 14 k16]
s22 = Expand[-24 k1 - 4 k2 - 24 k3]
s23 = Expand[-1/2 k6 - 11/8 k7 - 2 k8 + 2 k13 + k14]
s24 = Expand[1/2 k6 + 11/8 k7 + 2 k8 - 2 k13 - k14]
s25 = Expand[2 k2]

s26 = Expand[-4/3 k6 - k7]
s27 = Expand[-k6 - 3/4 k7]
s28 = Expand[1/3 k6 + 1/4 k7]
s29 = Expand[-6 k12 - 2 k14]
s30 = Expand[-k6 - 3/4 k7 + 4 k12 + 4/3 k14]
s31 = Expand[2/3 k6 + 1/2 k7]
s32 = Expand[-1/9 k6 - 1/12 k7 - 1/9 k14]
s33 = Expand[2/9 k6 + 1/6 k7 - 2/3 k12 - 2/9 k14 - 4/3 k16]

s34 = Expand[-8 k12 - 8/3 k14]
s35 = Expand[-6 k12 - 2 k14]
s36 = Expand[-k6 - 3/4 k7 + 4 k12 + 4/3 k14]
s37 = Expand[-24 k5 + 2 k6 + 5/2 k7 - 4 k8 + 24 k11 - 12 k12 + 4 k13 - 4 k14]
s38 = Expand[24 k5 - 2 k6 - 5/2 k7 + 4 k8 - 24 k11 - 4 k13]
s39 = Expand[24 k1 + 4 k2]
s40 = Expand[4 k12 + 4/3 k14]
s41 = Expand[1/3 k6 + 1/4 k7 - 4/3 k12 - 7/9 k14]
s42 = Expand[2/3 k6 + 1/2 k7 - 2 k12 - 2/3 k14 - 4 k16]

s43 = Expand[-4 k6 - 3 k7]
s44 = Expand[-24 k12 - 8 k14]
s45 = Expand[4/3 k6 + k7 - 4/3 k14]
s46 = Expand[8/3 k6 + 2 k7 - 8 k12 - 8/3 k14 - 16 k16]

vars = {k1, k2, k3, k4, k5, k6, k7, k8, k9, k10, k11, k12, k13, k15}

MK = {}

AppendTo[MK, CoefficientArrays[s1, vars][[2]]]
AppendTo[MK, CoefficientArrays[s2, vars][[2]]]
AppendTo[MK, CoefficientArrays[s3, vars][[2]]]
AppendTo[MK, CoefficientArrays[s4, vars][[2]]]
AppendTo[MK, CoefficientArrays[s5, vars][[2]]]
AppendTo[MK, CoefficientArrays[s11, vars][[2]]]
AppendTo[MK, CoefficientArrays[s12, vars][[2]]]
AppendTo[MK, CoefficientArrays[s13, vars][[2]]]
AppendTo[MK, CoefficientArrays[s14, vars][[2]]]
AppendTo[MK, CoefficientArrays[s15, vars][[2]]]
AppendTo[MK, CoefficientArrays[s16, vars][[2]]]
AppendTo[MK, CoefficientArrays[s20, vars][[2]]]
AppendTo[MK, CoefficientArrays[s21, vars][[2]]]
AppendTo[MK, CoefficientArrays[s22, vars][[2]]]
AppendTo[MK, CoefficientArrays[s23, vars][[2]]]
AppendTo[MK, CoefficientArrays[s24, vars][[2]]]
AppendTo[MK, CoefficientArrays[s25, vars][[2]]]
AppendTo[MK, CoefficientArrays[s26, vars][[2]]]
AppendTo[MK, CoefficientArrays[s27, vars][[2]]]
AppendTo[MK, CoefficientArrays[s28, vars][[2]]]
AppendTo[MK, CoefficientArrays[s29, vars][[2]]]
AppendTo[MK, CoefficientArrays[s30, vars][[2]]]
AppendTo[MK, CoefficientArrays[s31, vars][[2]]]
AppendTo[MK, CoefficientArrays[s32, vars][[2]]]
AppendTo[MK, CoefficientArrays[s34, vars][[2]]]
AppendTo[MK, CoefficientArrays[s35, vars][[2]]]
AppendTo[MK, CoefficientArrays[s36, vars][[2]]]
AppendTo[MK, CoefficientArrays[s37, vars][[2]]]
AppendTo[MK, CoefficientArrays[s38, vars][[2]]]
AppendTo[MK, CoefficientArrays[s39, vars][[2]]]
AppendTo[MK, CoefficientArrays[s40, vars][[2]]]
AppendTo[MK, CoefficientArrays[s41, vars][[2]]]
AppendTo[MK, CoefficientArrays[s43, vars][[2]]]
AppendTo[MK, CoefficientArrays[s44, vars][[2]]]
AppendTo[MK, CoefficientArrays[s45, vars][[2]]]

mat := NullSpace[Transpose[MK]]

Print["s1 = "<>ToString[InputForm[Expand[s1]]]]
Print["s2 = "<>ToString[InputForm[Expand[s2]]]]
Print["s3 = "<>ToString[InputForm[Expand[s3]]]]
Print["s4 = "<>ToString[InputForm[Expand[s4]]]]
Print["s5 = "<>ToString[InputForm[Expand[s5]]]]
Print["s6 = "<>ToString[InputForm[Expand[s6]]]]
Print["s7 = "<>ToString[InputForm[Expand[s7]]]]
Print["s8 = "<>ToString[InputForm[Expand[s8]]]]
Print["s9 = "<>ToString[InputForm[Expand[s9]]]]
Print["s10 = "<>ToString[InputForm[Expand[s10]]]]
Print["s11 = "<>ToString[InputForm[Expand[s11]]]]
Print["s12 = "<>ToString[InputForm[Expand[s12]]]]
Print["s13 = "<>ToString[InputForm[Expand[s13]]]]
Print["s14 = "<>ToString[InputForm[Expand[s14]]]]
Print["s15 = "<>ToString[InputForm[Expand[s15]]]]
Print["s16 = "<>ToString[InputForm[Expand[s16]]]]
Print["s17 = "<>ToString[InputForm[Expand[s17]]]]
Print["s18 = "<>ToString[InputForm[Expand[s18]]]]
Print["s19 = "<>ToString[InputForm[Expand[s19]]]]
Print["s20 = "<>ToString[InputForm[Expand[s20]]]]
Print["s21 = "<>ToString[InputForm[Expand[s21]]]]
Print["s22 = "<>ToString[InputForm[Expand[s22]]]]
Print["s23 = "<>ToString[InputForm[Expand[s23]]]]
Print["s24 = "<>ToString[InputForm[Expand[s24]]]]
Print["s25 = "<>ToString[InputForm[Expand[s25]]]]
Print["s26 = "<>ToString[InputForm[Expand[s26]]]]
Print["s27 = "<>ToString[InputForm[Expand[s27]]]]
Print["s28 = "<>ToString[InputForm[Expand[s28]]]]
Print["s29 = "<>ToString[InputForm[Expand[s29]]]]
Print["s30 = "<>ToString[InputForm[Expand[s30]]]]
Print["s31 = "<>ToString[InputForm[Expand[s31]]]]
Print["s32 = "<>ToString[InputForm[Expand[s32]]]]
Print["s33 = "<>ToString[InputForm[Expand[s33]]]]
Print["s34 = "<>ToString[InputForm[Expand[s34]]]]
Print["s35 = "<>ToString[InputForm[Expand[s35]]]]
Print["s36 = "<>ToString[InputForm[Expand[s36]]]]
Print["s37 = "<>ToString[InputForm[Expand[s37]]]]
Print["s38 = "<>ToString[InputForm[Expand[s38]]]]
Print["s39 = "<>ToString[InputForm[Expand[s39]]]]
Print["s40 = "<>ToString[InputForm[Expand[s40]]]]
Print["s41 = "<>ToString[InputForm[Expand[s41]]]]
Print["s42 = "<>ToString[InputForm[Expand[s42]]]]
Print["s43 = "<>ToString[InputForm[Expand[s43]]]]
Print["s44 = "<>ToString[InputForm[Expand[s44]]]]
Print["s45 = "<>ToString[InputForm[Expand[s45]]]]
Print["s46 = "<>ToString[InputForm[Expand[s46]]]]

Print["0 = "<>ToString[InputForm[Expand[-(mat.{x1, x2, x3, x4, x5, x11, x12, x13, x14, x15, x16, x20, x21, x22, x23, x24, x25, x26, x27, x28, x29, x30, x31, x32, x34, x35, x36, x37, x38, x39, x40, x41, x43, x44, x45})[[27]]]]]]
Print["0 = "<>ToString[InputForm[Expand[-(mat.{x1, x2, x3, x4, x5, x11, x12, x13, x14, x15, x16, x20, x21, x22, x23, x24, x25, x26, x27, x28, x29, x30, x31, x32, x34, x35, x36, x37, x38, x39, x40, x41, x43, x44, x45})[[26]]]]]]
Print["0 = "<>ToString[InputForm[Expand[-(mat.{x1, x2, x3, x4, x5, x11, x12, x13, x14, x15, x16, x20, x21, x22, x23, x24, x25, x26, x27, x28, x29, x30, x31, x32, x34, x35, x36, x37, x38, x39, x40, x41, x43, x44, x45})[[25]]]]]]
Print["0 = "<>ToString[InputForm[Expand[-(mat.{x1, x2, x3, x4, x5, x11, x12, x13, x14, x15, x16, x20, x21, x22, x23, x24, x25, x26, x27, x28, x29, x30, x31, x32, x34, x35, x36, x37, x38, x39, x40, x41, x43, x44, x45})[[24]]]]]]
Print["0 = "<>ToString[InputForm[Expand[-(mat.{x1, x2, x3, x4, x5, x11, x12, x13, x14, x15, x16, x20, x21, x22, x23, x24, x25, x26, x27, x28, x29, x30, x31, x32, x34, x35, x36, x37, x38, x39, x40, x41, x43, x44, x45})[[23]]]]]]
Print["0 = "<>ToString[InputForm[Expand[-(mat.{x1, x2, x3, x4, x5, x11, x12, x13, x14, x15, x16, x20, x21, x22, x23, x24, x25, x26, x27, x28, x29, x30, x31, x32, x34, x35, x36, x37, x38, x39, x40, x41, x43, x44, x45})[[22]]]]]]
Print["0 = "<>ToString[InputForm[Expand[-(mat.{x1, x2, x3, x4, x5, x11, x12, x13, x14, x15, x16, x20, x21, x22, x23, x24, x25, x26, x27, x28, x29, x30, x31, x32, x34, x35, x36, x37, x38, x39, x40, x41, x43, x44, x45})[[21]]]]]]
