s1 = - 7/4 k4 - 7/4 k5 + 7 k6 + 42 k7 + 7 k8 + 51/2 k9 + 51/4 k10 + 17/8 k11 - 51/16 k12 - 51/8 k13 + 3/128 k16
s2 = - 3/4 k4 - 3/4 k5 + 3 k6 + 18 k7 + 3 k8 + 15/2 k9 + 39/4 k10 + 5/8 k11 - 47/16 k12 - 15/8 k13 - 25/128 k16
s3 = - 3/16 k4 - 3/16 k5 + 3/4 k6 + 9/2 k7 + 3/2 k8 + 3/4 k9 + 3/8 k10 + 1/16 k11 - 19/32 k12 - 3/16 k13 + 7/256 k16
s4 = - 6 k10 + 2 k12 + 1/4 k16
s5 = 2 k15
s6 = 1/16 k4 + 1/16 k5 - 1/4 k6 - 3/2 k7 - 1/2 k8 - 1/4 k9 - 1/8 k10 - 1/48 k11 + 19/96 k12 + 1/16 k13 - 7/768 k16
s7 = - 2/3 k15

s8 = 6 k1 - 24 k2 - 8 k3
s9 = - 8 k3
s10 =  15/16 k4 + 15/16 k5 - 15/4 k6 - 45/2 k7 - 15/2 k8 - 15/4 k9 - 15/8 k10 - 5/16 k11 + 95/32 k12 + 15/16 k13 - 35/256 k16
s11 = 9/16 k4 + 9/16 k5 - 9/4 k6 - 27/2 k7 - 9/2 k8 - 9/4 k9 - 9/8 k10 - 3/16 k11 + 57/32 k12 + 9/16 k13 - 21/256 k16
s12 = - 1/8 k4 - 1/8 k5 + 1/2 k6 + 3 k7 + 5 k8 + 12 k9 + 6 k10 + 3 k11 - 5/2 k12 - 3 k13 - 3/16 k16
s13 = 1/2 k4 + 1/2 k5 - 2 k6 - 12 k7 - 12 k8 + 8 k14 + 4 k15
s14 = 1/8 k4 + 1/8 k5 - 1/2 k6 - 3 k7 - 5 k8 - 12 k9 - 6 k10 - 3 k11 + 5/2 k12 + 3 k13 + 3/16 k16
s15 = - 1/2 k4 - 1/2 k5 + 2 k6 + 12 k7 + 12 k8 - 8 k14 - 4 k15

s16 = - 6 k1 + 24 k2 + 8 k3
s17 = - 8 k3
s18 =  1/2 k4 + 1/2 k5 - 2 k6 - 12 k7 - 12 k8 + 8 k14 + 4 k15
s19 = 1/8 k4 + 1/8 k5 - 1/2 k6 - 3 k7 - 5 k8 - 12 k9 - 6 k10 - 3 k11 + 5/2 k12 + 3 k13 + 3/16 k16
s20 = - 10 k15
s21 = - 6 k15
s22 = - 1/2 k4 - 1/2 k5 + 2 k6 + 12 k7 + 12 k8 - 8 k14 - 4 k15
s23 = - 1/8 k4 - 1/8 k5 + 1/2 k6 + 3 k7 + 5 k8 + 12 k9 + 6 k10 + 3 k11 - 5/2 k12 - 3 k13 - 3/16 k16

